-2.04022082852655
-2.20727491318972
-2.04022082852655
-2.04022082852655
-1.89711998488588
-0.510825623765991
-2.04022082852655
-2.3859667019331
-0.2484613592985
-1.71479842809193
-2.30258509299405
-1.71479842809193
-1.83258146374831
-2.57702193869581
-2.50103603171788
-1.38629436111989
1.33500106673234
-0.82098055206983
-2.3859667019331
-2.30258509299405
0.336472236621213
1.97408102602201
-2.45340798272863
1.84054963339749
-1.46967597005894
-2.45340798272863
-2.3538783873816
0.0953101798043249
-1.6094379124341
-0.562118918153541
-0.653926467406664
-2.30258509299405
-2.61729583783375
-2.30258509299405
-1.89711998488588
-1.27296567581289
-1.83258146374831
-1.6094379124341
-1.6094379124341
-2.20727491318972
-2.12026353620009
-2.04022082852655
-1.83258146374831
-1.83258146374831
-2.3538783873816
-2.20727491318972
-2.45340798272863
-2.57702193869581
0.182321556793955
-0.385662480811985
0.262364264467491
-1.30933331998376
-1.66073120682165
-1.30933331998376
-2.3538783873816
0.587786664902119
-1.27296567581289
-1.56064774826467
-1.27296567581289
-2.20727491318972
-0.994252273343867
-2.04022082852655
-1.77195684193188
-2.3538783873816
-2.61729583783375
-0.0202027073175195
-1.42711635564015
1.38629436111989
-2.61729583783375
-2.57702193869581
-2.3538783873816
-1.56064774826467
1.94591014905531
-0.82098055206983
-1.71479842809193
-0.105360515657826
1.06471073699243
-0.867500567704723
-2.61729583783375
-2.57702193869581
-2.20727491318972
-1.83258146374831
-2.04022082852655
-2.45340798272863
-2.20727491318972
-2.30258509299405
-2.04022082852655
-1.66073120682165
-2.61729583783375
-0.916290731874155
-2.20727491318972
-0.867500567704723
-2.04022082852655
-2.20727491318972
0.587786664902119
-2.50103603171788
-2.04022082852655
-2.57702193869581
-2.41911890925
-2.57702193869581
-0.916290731874155
-0.891598119283784
-2.04022082852655
-2.32278780031156
-2.30258509299405
-2.20727491318972
-0.328504066972036
-1.42711635564015
-1.46967597005894
-1.6094379124341
-1.83258146374831
-1.71479842809193
2.2512917986065
-2.3859667019331
-2.57702193869581
-1.10866262452161
-1.07880966137193
-1.38629436111989
-1.89711998488588
-2.53830742651512
-2.3538783873816
-2.57702193869581
-2.12026353620009
-1.96611285637283
-1.6094379124341
-1.46967597005894
-2.53830742651512
-1.83258146374831
-1.46967597005894
-1.71479842809193
-0.776528789498996
-1.34707364796661
-1.96611285637283
-1.96611285637283
-2.57702193869581
-2.3538783873816
-2.61729583783375
-0.994252273343867
-0.941608539858445
-2.41911890925
0
-1.07880966137193
-2.61729583783375
-2.3538783873816
-1.89711998488588
-2.3859667019331
-2.32278780031156
-1.23787435600162
-1.66073120682165
-0.59783700075562
-1.89711998488588
-1.56064774826467
-2.04022082852655
-1.89711998488588
-1.96611285637283
-2.3538783873816
-2.3859667019331
-2.41911890925
-1.10866262452161
-2.3538783873816
-0.562118918153541
-2.50103603171788
-2.12026353620009
-1.10866262452161
-1.96611285637283
-0.7339691750802
-1.66073120682165
-2.04022082852655
-2.61729583783375
-2.41911890925
-0.371063681390832
-2.20727491318972
-2.57702193869581
1.79175946922806
-2.32278780031156
-1.96611285637283
-1.83258146374831
-1.23787435600162
0.470003629245736
-2.20727491318972
-2.57702193869581
-2.53830742651512
-0.994252273343867
-2.30258509299405
-1.51412773262978
-2.32278780031156
-2.53830742651512
-2.61729583783375
-1.89711998488588
1.43508452528932
0.336472236621213
-2.41911890925
-2.12026353620009
-1.30933331998376
3.89182029811063
0.0953101798043249
-0.49429632181478
-2.61729583783375
-2.04022082852655
-1.83258146374831
-2.3859667019331
-2.04022082852655
0.641853886172395
-1.77195684193188
-1.34707364796661
-0.843970070294529
-1.96611285637283
-2.45340798272863
-2.53830742651512
-1.13943428318836
0.741937344729377
-0.527632742082372
-2.30258509299405
1.02961941718116
-0.0202027073175195
-0.616186139423817
-1.46967597005894
-2.04022082852655
-2.30258509299405
-2.12026353620009
-1.46967597005894
0.262364264467491
-1.30933331998376
-1.51412773262978
-2.3538783873816
-2.04022082852655
-0.356674943938732
-0.63487827243597
-2.20727491318972
-0.579818495252942
-2.32278780031156
-2.12026353620009
-1.89711998488588
-1.10866262452161
-1.07880966137193
1.85629799036563
-2.32278780031156
0.336472236621213
-2.45340798272863
-2.20727491318972
-2.30258509299405
-0.616186139423817
-2.04022082852655
-1.66073120682165
-2.12026353620009
-1.46967597005894
-1.23787435600162
-0.653926467406664
0.470003629245736
-1.27296567581289
-2.12026353620009
-2.12026353620009
-0.843970070294529
1.06471073699243
0
-1.46967597005894
-1.56064774826467
-2.04022082852655
-0.23572233352107
-2.61729583783375
-1.56064774826467
-2.04022082852655
-1.04982212449868
-2.20727491318972
-0.916290731874155
-1.42711635564015
-2.20727491318972
-1.51412773262978
-1.42711635564015
-0.891598119283784
-0.653926467406664
-1.02165124753198
-1.89711998488588
-0.82098055206983
0.182321556793955
-0.139262067333508
-0.713349887877465
-1.51412773262978
-2.61729583783375
0.262364264467491
-1.17118298150295
-0.867500567704723
-0.478035800943
-2.61729583783375
0.470003629245736
-2.20727491318972
-1.66073120682165
-2.12026353620009
-0.0408219945202552
-0.579818495252942
-1.77195684193188
2.56494935746154
-1.83258146374831
-1.89711998488588
-2.53830742651512
-1.34707364796661
-0.59783700075562
-1.17118298150295
-1.42711635564015
-1.23787435600162
-0.673344553263766
-2.50103603171788
-2.30258509299405
-2.12026353620009
-1.89711998488588
-1.20397280432594
-1.51412773262978
-2.61729583783375
1.3609765531356
-2.04022082852655
-2.30258509299405
-2.50103603171788
-2.53830742651512
-1.71479842809193
-1.51412773262978
-0.693147180559945
0
-0.0100503358535015
-2.12026353620009
-1.96611285637283
-0.867500567704723
-1.77195684193188
-1.13943428318836
-1.30933331998376
-1.56064774826467
-0.713349887877465
-1.96611285637283
-1.6094379124341
-1.02165124753198
-1.46967597005894
-2.61729583783375
-1.71479842809193
-0.63487827243597
-1.66073120682165
-2.20727491318972
-2.53830742651512
-0.891598119283784
-0.916290731874155
-2.61729583783375
-1.89711998488588
-2.20727491318972
-1.42711635564015
0.53062825106217
-1.71479842809193
-1.04982212449868
-1.13943428318836
-0.798507696217772
-2.12026353620009
-1.46967597005894
-2.30258509299405
-2.04022082852655
-2.32278780031156
-2.12026353620009
-2.3859667019331
-2.12026353620009
2.02814824729229
-1.46967597005894
-1.77195684193188
-0.400477566597125
-1.6094379124341
-1.66073120682165
-0.916290731874155
-0.198450938723838
0.8754687373539
-2.04022082852655
0.262364264467491
-1.23787435600162
-2.3859667019331
0.405465108108164
-0.891598119283784
-1.42711635564015
-2.20727491318972
-0.843970070294529
-1.6094379124341
-1.46967597005894
1.25276296849537
-1.66073120682165
-0.776528789498996
-1.89711998488588
-2.04022082852655
-1.51412773262978
0
-1.02165124753198
-2.61729583783375
-2.53830742651512
-2.53830742651512
-2.12026353620009
-2.61729583783375
2.30258509299405
0.916290731874155
-2.30258509299405
-2.30258509299405
6.08677472691231
-1.56064774826467
1.93152141160321
-1.83258146374831
-0.59783700075562
-2.3538783873816
-2.41911890925
-1.02165124753198
-2.30258509299405
-2.50103603171788
-0.544727175441672
-0.287682072451781
0.182321556793955
-2.04022082852655
-0.400477566597125
-1.77195684193188
-2.50103603171788
-1.51412773262978
-0.385662480811985
-2.20727491318972
-2.12026353620009
-0.941608539858445
-2.45340798272863
-1.66073120682165
-0.527632742082372
-0.941608539858445
-0.462035459596559
-1.89711998488588
-0.867500567704723
-2.30258509299405
-2.20727491318972
-1.20397280432594
-1.17118298150295
-2.53830742651512
-2.04022082852655
-0.82098055206983
-1.20397280432594
-0.891598119283784
-0.843970070294529
-2.57702193869581
-1.34707364796661
-0.916290731874155
-1.83258146374831
-2.30258509299405
-2.50103603171788
-2.12026353620009
-1.56064774826467
-2.3538783873816
-2.50103603171788
-2.50103603171788
-2.12026353620009
-2.32278780031156
-1.89711998488588
-2.20727491318972
-1.56064774826467
-2.30258509299405
-2.45340798272863
1.56861591791385
-2.61729583783375
-0.49429632181478
-2.45340798272863
-2.45340798272863
-2.04022082852655
-0.843970070294529
-1.66073120682165
-2.20727491318972
-2.53830742651512
-2.04022082852655
-2.04022082852655
-2.61729583783375
-1.46967597005894
-2.30258509299405
3.49650756146648
-2.04022082852655
-1.6094379124341
-0.941608539858445
-1.38629436111989
-2.20727491318972
-1.51412773262978
-1.30933331998376
-2.61729583783375
-0.867500567704723
-2.61729583783375
-1.83258146374831
-1.56064774826467
-1.56064774826467
0.53062825106217
1.33500106673234
-2.57702193869581
-2.32278780031156
-2.12026353620009
-2.45340798272863
2.63905732961526
-1.07880966137193
-0.755022584278033
-1.04982212449868
-1.71479842809193
0.693147180559945
-1.38629436111989
-0.693147180559945
-1.38629436111989
-1.96611285637283
-2.30258509299405
-0.162518929497775
-0.82098055206983
-0.430782916092454
-1.27296567581289
0.182321556793955
-1.34707364796661
-1.17118298150295
-1.6094379124341
2.89037175789616
-1.34707364796661
0.587786664902119
-2.50103603171788
-2.53830742651512
-1.96611285637283
-1.51412773262978
3.49650756146648
-1.30933331998376
-0.867500567704723
0.832909122935104
-0.287682072451781
-2.41911890925
0.587786664902119
-2.3538783873816
-2.20727491318972
-2.3538783873816
-2.20727491318972
-0.27443684570176
-0.867500567704723
-1.46967597005894
-0.891598119283784
-2.53830742651512
-0.3147107448397
-2.20727491318972
-0.7339691750802
-2.61729583783375
-1.83258146374831
1.25276296849537
-1.83258146374831
-2.50103603171788
-2.12026353620009
-0.510825623765991
-2.12026353620009
-0.867500567704723
-0.891598119283784
-2.41911890925
-0.49429632181478
-1.89711998488588
-0.673344553263766
0
-1.66073120682165
-0.967584026261706
-2.61729583783375
-1.96611285637283
-1.02165124753198
-1.6094379124341
-1.77195684193188
-1.56064774826467
-2.12026353620009
-0.713349887877465
-2.57702193869581
-2.57702193869581
-0.843970070294529
-2.57702193869581
-1.38629436111989
-1.71479842809193
-2.61729583783375
-2.57702193869581
-1.42711635564015
-1.83258146374831
-1.46967597005894
-2.61729583783375
-1.83258146374831
-1.10866262452161
-1.51412773262978
-1.89711998488588
-1.96611285637283
-0.916290731874155
-1.02165124753198
-1.66073120682165
-2.20727491318972
-1.66073120682165
-0.430782916092454
-1.83258146374831
-0.430782916092454
-2.20727491318972
-2.04022082852655
0
-0.693147180559945
-1.10866262452161
-2.45340798272863
-2.04022082852655
-2.41911890925
-2.3538783873816
-0.116533816255952
-0.843970070294529
-1.42711635564015
-2.20727491318972
0.336472236621213
-2.12026353620009
2.63905732961526
-2.57702193869581
-1.6094379124341
-2.50103603171788
-0.478035800943
-0.356674943938732
-1.96611285637283
-1.96611285637283
-1.27296567581289
-1.13943428318836
-1.02165124753198
-2.53830742651512
1.02961941718116
-1.27296567581289
-2.20727491318972
-0.356674943938732
-1.83258146374831
0.8754687373539
-1.34707364796661
-0.755022584278033
-1.66073120682165
-2.3859667019331
-0.342490308946776
-2.30258509299405
-0.967584026261706
-2.61729583783375
-0.994252273343867
1.6094379124341
-0.867500567704723
-1.51412773262978
0.993251773010283
-1.20397280432594
0.587786664902119
-1.89711998488588
-1.77195684193188
-2.32278780031156
-1.23787435600162
-0.63487827243597
-0.673344553263766
-1.30933331998376
-2.20727491318972
-2.20727491318972
-2.41911890925
-1.96611285637283
-1.46967597005894
-2.20727491318972
-1.56064774826467
-0.916290731874155
-2.53830742651512
-2.41911890925
-1.38629436111989
-2.3538783873816
-2.41911890925
-2.20727491318972
-2.50103603171788
-1.96611285637283
-1.38629436111989
-2.61729583783375
-0.967584026261706
-2.3859667019331
-1.89711998488588
-2.53830742651512
-0.446287102628419
-2.61729583783375
-2.57702193869581
-1.51412773262978
-1.13943428318836
-2.30258509299405
-2.12026353620009
-0.49429632181478
-0.562118918153541
-2.04022082852655
-2.3538783873816
-2.53830742651512
-1.77195684193188
-2.04022082852655
-1.71479842809193
-1.96611285637283
-1.20397280432594
-0.891598119283784
-1.04982212449868
0.182321556793955
-1.27296567581289
-2.04022082852655
-2.30258509299405
-0.673344553263766
-0.653926467406664
-1.27296567581289
-2.30258509299405
2.89037175789616
-1.51412773262978
-1.6094379124341
2.56494935746154
1.16315080980568
-2.41911890925
-0.59783700075562
-2.12026353620009
-2.30258509299405
-1.38629436111989
-1.56064774826467
-1.17118298150295
-1.17118298150295
1.3609765531356
-0.116533816255952
-1.83258146374831
-1.71479842809193
0
-1.71479842809193
-1.83258146374831
-1.71479842809193
-0.891598119283784
0.405465108108164
0.0953101798043249
-2.45340798272863
-2.57702193869581
-1.66073120682165
-2.30258509299405
-0.446287102628419
-2.32278780031156
-1.20397280432594
-0.941608539858445
0.470003629245736
-2.12026353620009
0.262364264467491
-1.46967597005894
-0.261364764134407
-2.30258509299405
-2.04022082852655
1.52605630349505
-2.20727491318972
-2.61729583783375
-2.30258509299405
0
-1.46967597005894
-0.385662480811985
0.470003629245736
-2.57702193869581
-1.66073120682165
-2.57702193869581
-2.04022082852655
-1.56064774826467
-2.20727491318972
-1.51412773262978
0.262364264467491
-2.57702193869581
-1.96611285637283
-2.50103603171788
-0.693147180559945
-2.53830742651512
-2.20727491318972
-0.891598119283784
-2.20727491318972
-1.38629436111989
-1.02165124753198
-0.59783700075562
-1.17118298150295
-0.916290731874155
-1.13943428318836
-1.89711998488588
-0.415515443961666
-1.96611285637283
0.182321556793955
-1.83258146374831
-1.04982212449868
0.693147180559945
-1.27296567581289
1.19392246847243
-2.41911890925
-0.462035459596559
-1.77195684193188
-0.776528789498996
-2.30258509299405
-0.616186139423817
2.17475172148416
-0.673344553263766
-2.20727491318972
-2.3538783873816
-1.34707364796661
-1.77195684193188
-2.61729583783375
-0.385662480811985
-1.38629436111989
-2.04022082852655
-1.51412773262978
-1.51412773262978
-1.17118298150295
-1.02165124753198
-0.82098055206983
-1.20397280432594
-0.616186139423817
-0.186329578191493
-0.967584026261706
-2.12026353620009
-1.30933331998376
-1.6094379124341
-0.798507696217772
-1.96611285637283
-2.04022082852655
-2.04022082852655
-0.150822889734584
1.02961941718116
-1.83258146374831
-0.967584026261706
2.19722457733622
-2.45340798272863
-0.385662480811985
-1.13943428318836
-0.82098055206983
-1.13943428318836
-0.342490308946776
-2.3538783873816
-1.04982212449868
-1.56064774826467
-1.51412773262978
-1.38629436111989
-2.3538783873816
-2.53830742651512
-1.30933331998376
1.1314021114911
-1.56064774826467
-0.673344553263766
-2.04022082852655
-1.13943428318836
-2.57702193869581
-1.02165124753198
-1.56064774826467
-2.3538783873816
-2.61729583783375
-2.30258509299405
-0.941608539858445
-0.867500567704723
-0.63487827243597
-2.30258509299405
-2.30258509299405
-1.66073120682165
-2.32278780031156
-1.66073120682165
-1.30933331998376
-2.50103603171788
-1.6094379124341
-1.83258146374831
0.78845736036427
1.98787434815435
-2.53830742651512
0.8754687373539
-2.12026353620009
-1.56064774826467
-0.301105092783922
-2.32278780031156
-1.96611285637283
-2.50103603171788
-1.89711998488588
-1.46967597005894
-1.30933331998376
-1.30933331998376
-2.32278780031156
-1.27296567581289
-2.12026353620009
-1.51412773262978
-0.0725706928348354
-0.150822889734584
-0.891598119283784
-0.994252273343867
-2.3859667019331
-1.27296567581289
-2.20727491318972
-0.446287102628419
-0.210721031315653
-1.66073120682165
-0.82098055206983
-2.32278780031156
-2.45340798272863
2.28238238567653
-1.96611285637283
-2.45340798272863
-2.12026353620009
-2.3538783873816
-2.41911890925
0.470003629245736
-2.20727491318972
-0.967584026261706
-2.45340798272863
-1.96611285637283
-2.50103603171788
-1.6094379124341
-2.3538783873816
-0.891598119283784
-1.6094379124341
-1.46967597005894
-2.20727491318972
-0.3147107448397
0.641853886172395
-0.63487827243597
-1.6094379124341
-2.50103603171788
-0.63487827243597
-2.3859667019331
-2.53830742651512
-1.83258146374831
-2.3538783873816
-1.89711998488588
-0.150822889734584
-0.891598119283784
-0.843970070294529
-2.3859667019331
-2.45340798272863
-0.3147107448397
0.182321556793955
-1.96611285637283
-0.083381608939051
-1.96611285637283
-0.385662480811985
-1.83258146374831
-1.6094379124341
-1.51412773262978
-1.6094379124341
-2.57702193869581
-1.96611285637283
-1.89711998488588
-0.967584026261706
-1.89711998488588
-0.385662480811985
-2.12026353620009
-1.34707364796661
-2.30258509299405
-0.843970070294529
-0.967584026261706
-0.49429632181478
-1.38629436111989
-1.83258146374831
-2.20727491318972
-2.57702193869581
-2.32278780031156
-2.12026353620009
-2.3538783873816
-1.02165124753198
-0.967584026261706
-1.89711998488588
-0.462035459596559
-1.71479842809193
-1.83258146374831
-1.02165124753198
-0.342490308946776
-2.53830742651512
0.0953101798043249
-1.02165124753198
-2.30258509299405
-2.57702193869581
-2.12026353620009
0.262364264467491
-1.02165124753198
-0.776528789498996
-1.71479842809193
-0.579818495252942
-0.967584026261706
-2.41911890925
-0.891598119283784
-2.41911890925
-2.41911890925
-1.66073120682165
-1.51412773262978
-2.41911890925
-1.96611285637283
-2.30258509299405
-1.83258146374831
-1.83258146374831
1.6094379124341
0.832909122935104
-0.162518929497775
-1.30933331998376
-1.56064774826467
-1.56064774826467
-0.755022584278033
-1.96611285637283
0.262364264467491
0
3.40119738166216
-2.3859667019331
-2.04022082852655
0.336472236621213
1.64865862558738
2.63905732961526
